0.0 0.0
0.01 0.0003954997451432118
0.02 0.001581235649524515
0.03 0.0035549195824634014
0.04 0.006312744196786354
0.05 0.009849392219884727
0.060000000000000005 0.01415804943145446
0.07 0.01923042129823471
0.08 0.02505675322766408
0.09 0.03162585439403761
0.09999999999999999 0.03892512508248644
0.10999999999999999 0.04694058748792941
0.11999999999999998 0.055656919898075745
0.12999999999999998 0.06505749418159895
0.13999999999999999 0.07512441649477283
0.15 0.08583857111216658
0.16 0.097179667279453
0.17 0.10912628897900226
0.18000000000000002 0.12165594749172283
0.19000000000000003 0.13474513663158355
0.20000000000000004 0.1483693905224145
0.21000000000000005 0.16250334377995052
0.22000000000000006 0.17712079395565947
0.23000000000000007 0.19219476609268996
0.24000000000000007 0.20769757923830465
0.25000000000000006 0.2236009147514209
0.26000000000000006 0.23987588623838857
0.2700000000000001 0.2564931109448938
0.2800000000000001 0.2734227824268923
0.2900000000000001 0.29063474431876185
0.3000000000000001 0.30809856501241983
0.3100000000000001 0.3257836130569942
0.3200000000000001 0.3436591330847666
0.3300000000000001 0.36169432206553154
0.34000000000000014 0.3798584056882524
0.35000000000000014 0.39812071466594884
0.36000000000000015 0.4164507607571169
0.37000000000000016 0.4348183122947121
0.38000000000000017 0.45319346901177354
0.3900000000000002 0.4715467359512092
0.4000000000000002 0.48984909624605466
0.4100000000000002 0.5080720825557313
0.4200000000000002 0.5261878469434396
0.4300000000000002 0.5441692289798756
0.4400000000000002 0.5619898218589814
0.45000000000000023 0.5796240363124281
0.46000000000000024 0.5970471621110581
0.47000000000000025 0.6142354269435695
0.48000000000000026 0.6311660524653843
0.49000000000000027 0.6478173073139013
0.5000000000000002 0.6641685568902892
0.5100000000000002 0.6802003097126044
0.5200000000000002 0.6958942601504368
0.5300000000000002 0.7112333273575044
0.5400000000000003 0.7262016902256934
0.5500000000000003 0.7407848181920553
0.5600000000000003 0.7549694977392613
0.5700000000000003 0.7687438544400469
0.5800000000000003 0.7820973704073305
0.5900000000000003 0.7950208970239921
0.6000000000000003 0.8075066628398576
0.6100000000000003 0.8195482765382625
0.6200000000000003 0.8311407248907586
0.6300000000000003 0.8422803656361235
0.6400000000000003 0.8529649152388565
0.6500000000000004 0.8631934315028721
0.6600000000000004 0.8729662910381193
0.6700000000000004 0.8822851616014102
0.6800000000000004 0.8911529693577951
0.6900000000000004 0.899573861135385
0.7000000000000004 0.9075531617745225
0.7100000000000004 0.9150973267015932
0.7200000000000004 0.9222138898884356
0.7300000000000004 0.9289114073901293
0.7400000000000004 0.9351993966867589
0.7500000000000004 0.9410882720883409
0.7600000000000005 0.946589276496266
0.7700000000000005 0.9517144098490001
0.7800000000000005 0.9564763546141406
0.7900000000000005 0.9608883987228162
0.8000000000000005 0.9649643563754293
0.8100000000000005 0.968718487179437
0.8200000000000005 0.9721654141096594
0.8300000000000005 0.9753200408090095
0.8400000000000005 0.9781974687718922
0.8500000000000005 0.9808129149732197
0.8600000000000005 0.9831816305223706
0.8700000000000006 0.9853188209328074
0.8800000000000006 0.9872395686037537
0.8900000000000006 0.9889587581097135
0.9000000000000006 0.9904910048859983
0.9100000000000006 0.9918505878832286
0.9200000000000006 0.9930513867405264
0.9300000000000006 0.9941068239953506
0.9400000000000006 0.9950298128073324
0.9500000000000006 0.9958327106239782
0.9600000000000006 0.9965272791576454
0.9700000000000006 0.9971246509760792
0.9800000000000006 0.9976353029334618
0.9900000000000007 0.998069036586085
1.0000000000000007 0.9984349656474456
1.0100000000000007 0.9987415104430306
1.0200000000000007 0.9989963992269247
1.0300000000000007 0.9992066761224934
1.0400000000000007 0.9993787153498954
1.0500000000000007 0.9995182413064947
1.0600000000000007 0.9996303539748703
1.0700000000000007 0.9997195590498494
1.0800000000000007 0.9997898021034518
1.0900000000000007 0.9998445060475873
1.1000000000000008 0.9998866111112394
1.1100000000000008 0.9999186165238512
1.1200000000000008 0.9999426230914636
1.1300000000000008 0.9999603758679105
1.1400000000000008 0.9999733061604437
1.1500000000000008 0.9999825721670208
1.1600000000000008 0.999989097619826
1.1700000000000008 0.9999936079038301
1.1800000000000008 0.9999966632271784
1.1900000000000008 0.9999986885374921
1.2000000000000008 1.0
